DOOR

EDU>> %%% attempt 4: trying experiment_info
clear all;
dat = csvread('Exp2_output_data.txt', 1,0);

% remove the columns 1(frame), 3(monitor), 4 (light), 5(agent)
dat = remove_cols(dat, [1, 3, 4, 5]);
experiment_info(dat);
OUTPUT 1: MODELING RAW FLUENT VALUE, NOT CHANGE
[    f0a0     f1a0      f0a1      f1a1       f0       f1        infoA0    infoA1    allinfo]
  144.0000  140.0000    1.0000   16.0000  145.0000  156.0000    0.0012    0.0247    0.0259
  128.0000  156.0000   17.0000         0  145.0000  156.0000    0.0018    0.0413    0.0431
  145.0000  135.0000         0   21.0000  145.0000  156.0000    0.0024    0.0459    0.0483
  125.0000  155.0000   20.0000    1.0000  145.0000  156.0000    0.0023    0.0374    0.0397
  136.0000  150.0000    9.0000    6.0000  145.0000  156.0000    0.0001    0.0014    0.0015
  136.0000  148.0000    9.0000    8.0000  145.0000  156.0000    0.0000    0.0003    0.0003
  137.0000  147.0000    8.0000    9.0000  145.0000  156.0000    0.0000    0.0000    0.0000
  135.0000  149.0000   10.0000    7.0000  145.0000  156.0000    0.0001    0.0013    0.0014
  141.0000  145.0000    4.0000   11.0000  145.0000  156.0000    0.0002    0.0048    0.0051
  137.0000  148.0000    8.0000    8.0000  145.0000  156.0000    0.0000    0.0000    0.0000
  145.0000  144.0000         0   12.0000  145.0000  156.0000    0.0008    0.0262    0.0270
  108.0000   37.0000   37.0000  119.0000  145.0000  156.0000    0.0693    0.0657    0.1350

OUTPUT3_01: CHANGE FROM 0 to 1 (off to on)
[    f0a0     f1a0      f0a1      f1a1       f0       f1        infoA0    infoA1    allinfo]
  263.0000   21.0000    1.0000   16.0000  264.0000   37.0000    0.0120    0.0992    0.1112
  247.0000   37.0000   17.0000         0  264.0000   37.0000    0.0002    0.0074    0.0076
  264.0000   16.0000         0   21.0000  264.0000   37.0000    0.0227    0.1462    0.1690
  243.0000   37.0000   21.0000         0  264.0000   37.0000    0.0004    0.0092    0.0095
  249.0000   37.0000   15.0000         0  264.0000   37.0000    0.0002    0.0065    0.0067
  247.0000   37.0000   17.0000         0  264.0000   37.0000    0.0002    0.0074    0.0076
  247.0000   37.0000   17.0000         0  264.0000   37.0000    0.0002    0.0074    0.0076
  247.0000   37.0000   17.0000         0  264.0000   37.0000    0.0002    0.0074    0.0076
  249.0000   37.0000   15.0000         0  264.0000   37.0000    0.0002    0.0065    0.0067
  248.0000   37.0000   16.0000         0  264.0000   37.0000    0.0002    0.0070    0.0072
  252.0000   37.0000   12.0000         0  264.0000   37.0000    0.0001    0.0052    0.0053
  108.0000   37.0000  156.0000         0  264.0000   37.0000    0.0311    0.0680    0.0991

OUTPUT3_11: CHANGE FROM 1 to 1 (stays on)
[    f0a0     f1a0      f0a1      f1a1       f0       f1        infoA0    infoA1    allinfo]
  165.0000  119.0000   17.0000         0  182.0000  119.0000    0.0011    0.0284    0.0295
  165.0000  119.0000   17.0000         0  182.0000  119.0000    0.0011    0.0284    0.0295
  161.0000  119.0000   21.0000         0  182.0000  119.0000    0.0017    0.0351    0.0368
  162.0000  118.0000   20.0000    1.0000  182.0000  119.0000    0.0013    0.0232    0.0245
  173.0000  113.0000    9.0000    6.0000  182.0000  119.0000    0.0000    0.0000    0.0000
  173.0000  111.0000    9.0000    8.0000  182.0000  119.0000    0.0000    0.0007    0.0007
  174.0000  110.0000    8.0000    9.0000  182.0000  119.0000    0.0001    0.0021    0.0022
  172.0000  112.0000   10.0000    7.0000  182.0000  119.0000    0.0000    0.0000    0.0000
  178.0000  108.0000    4.0000   11.0000  182.0000  119.0000    0.0006    0.0117    0.0123
  174.0000  111.0000    8.0000    8.0000  182.0000  119.0000    0.0001    0.0012    0.0013
  182.0000  107.0000         0   12.0000  182.0000  119.0000    0.0013    0.0370    0.0383
  145.0000         0   37.0000  119.0000  182.0000  119.0000    0.2424    0.1448    0.3872

OUTPUT3_10: CHANGE FROM 1 to 0 (on to off)
[    f0a0     f1a0      f0a1      f1a1       f0       f1        infoA0    infoA1    allinfo]
  247.0000   37.0000   17.0000         0  264.0000   37.0000    0.0002    0.0074    0.0076
  264.0000   20.0000         0   17.0000  264.0000   37.0000    0.0140    0.1184    0.1324
  243.0000   37.0000   21.0000         0  264.0000   37.0000    0.0004    0.0092    0.0095
  263.0000   17.0000    1.0000   20.0000  264.0000   37.0000    0.0200    0.1264    0.1464
  249.0000   37.0000   15.0000         0  264.0000   37.0000    0.0002    0.0065    0.0067
  247.0000   37.0000   17.0000         0  264.0000   37.0000    0.0002    0.0074    0.0076
  247.0000   37.0000   17.0000         0  264.0000   37.0000    0.0002    0.0074    0.0076
  247.0000   37.0000   17.0000         0  264.0000   37.0000    0.0002    0.0074    0.0076
  249.0000   37.0000   15.0000         0  264.0000   37.0000    0.0002    0.0065    0.0067
  248.0000   37.0000   16.0000         0  264.0000   37.0000    0.0002    0.0070    0.0072
  252.0000   37.0000   12.0000         0  264.0000   37.0000    0.0001    0.0052    0.0053
  145.0000         0  119.0000   37.0000  264.0000   37.0000    0.0632    0.0256    0.0888

OUTPUT3_00: CHANGE FROM 0 to 0 (stays off)
[    f0a0     f1a0      f0a1      f1a1       f0       f1        infoA0    infoA1    allinfo]
  177.0000  107.0000   16.0000    1.0000  193.0000  108.0000    0.0007    0.0144    0.0151
  176.0000  108.0000   17.0000         0  193.0000  108.0000    0.0009    0.0251    0.0260
  172.0000  108.0000   21.0000         0  193.0000  108.0000    0.0014    0.0310    0.0325
  172.0000  108.0000   21.0000         0  193.0000  108.0000    0.0014    0.0310    0.0325
  187.0000   99.0000    6.0000    9.0000  193.0000  108.0000    0.0003    0.0060    0.0063
  185.0000   99.0000    8.0000    9.0000  193.0000  108.0000    0.0002    0.0034    0.0036
  184.0000  100.0000    9.0000    8.0000  193.0000  108.0000    0.0001    0.0015    0.0016
  186.0000   98.0000    7.0000   10.0000  193.0000  108.0000    0.0004    0.0061    0.0065
  182.0000  104.0000   11.0000    4.0000  193.0000  108.0000    0.0000    0.0010    0.0010
  185.0000  100.0000    8.0000    8.0000  193.0000  108.0000    0.0001    0.0022    0.0023
  181.0000  108.0000   12.0000         0  193.0000  108.0000    0.0005    0.0177    0.0182
   37.0000  108.0000  156.0000         0  193.0000  108.0000    0.1488    0.2303    0.3791


DOOR 

------

LIGHT



EDU>> clear all;
dat = csvread('Exp2_output_data.txt', 1,0);

% remove the columns 1(frame), 2(door_status), 3(monitor), 5(agent)
dat = remove_cols(dat, [1, 2, 3, 5]);
dat = [dat ((dat(:,1)==1) & dat(:,9))];
experiment_info(dat);
OUTPUT 1: MODELING RAW FLUENT VALUE, NOT CHANGE
[    f0a0     f1a0      f0a1      f1a1       f0       f1        infoA0    infoA1    allinfo]
  151.0000  133.0000    6.0000   11.0000  157.0000  144.0000    0.0002    0.0032    0.0034
  146.0000  138.0000   11.0000    6.0000  157.0000  144.0000    0.0001    0.0018    0.0019
  143.0000  137.0000   14.0000    7.0000  157.0000  144.0000    0.0002    0.0030    0.0032
  146.0000  134.0000   11.0000   10.0000  157.0000  144.0000    0.0000    0.0000    0.0000
  151.0000  135.0000    6.0000    9.0000  157.0000  144.0000    0.0001    0.0015    0.0016
  148.0000  136.0000    9.0000    8.0000  157.0000  144.0000    0.0000    0.0000    0.0000
  147.0000  137.0000   10.0000    7.0000  157.0000  144.0000    0.0000    0.0005    0.0005
  149.0000  135.0000    8.0000    9.0000  157.0000  144.0000    0.0000    0.0003    0.0003
  148.0000  138.0000    9.0000    6.0000  157.0000  144.0000    0.0000    0.0006    0.0007
  149.0000  136.0000    8.0000    8.0000  157.0000  144.0000    0.0000    0.0000    0.0001
  151.0000  138.0000    6.0000    6.0000  157.0000  144.0000    0.0000    0.0000    0.0000
  149.0000  143.0000    8.0000    1.0000  157.0000  144.0000    0.0002    0.0093    0.0096
  149.0000    8.0000    8.0000  136.0000  157.0000  144.0000    0.2368    0.2478    0.4846

OUTPUT3_01: CHANGE FROM 0 to 1 (off to on)
[    f0a0     f1a0      f0a1      f1a1       f0       f1        infoA0    infoA1    allinfo]
  276.0000    8.0000   17.0000         0  293.0000    8.0000    0.0000    0.0015    0.0016
  276.0000    8.0000   17.0000         0  293.0000    8.0000    0.0000    0.0015    0.0016
  272.0000    8.0000   21.0000         0  293.0000    8.0000    0.0001    0.0019    0.0019
  272.0000    8.0000   21.0000         0  293.0000    8.0000    0.0001    0.0019    0.0019
  278.0000    8.0000   15.0000         0  293.0000    8.0000    0.0000    0.0013    0.0014
  276.0000    8.0000   17.0000         0  293.0000    8.0000    0.0000    0.0015    0.0016
  276.0000    8.0000   17.0000         0  293.0000    8.0000    0.0000    0.0015    0.0016
  284.0000         0    9.0000    8.0000  293.0000    8.0000    0.0254    0.0582    0.0836
  278.0000    8.0000   15.0000         0  293.0000    8.0000    0.0000    0.0013    0.0014
  277.0000    8.0000   16.0000         0  293.0000    8.0000    0.0000    0.0014    0.0015
  281.0000    8.0000   12.0000         0  293.0000    8.0000    0.0000    0.0011    0.0011
  284.0000    8.0000    9.0000         0  293.0000    8.0000    0.0000    0.0008    0.0008
  149.0000    8.0000  144.0000         0  293.0000    8.0000    0.0047    0.0129    0.0176

OUTPUT3_11: CHANGE FROM 1 to 1 (stays on)
[    f0a0     f1a0      f0a1      f1a1       f0       f1        infoA0    infoA1    allinfo]
  159.0000  125.0000    6.0000   11.0000  165.0000  136.0000    0.0003    0.0043    0.0046
  154.0000  130.0000   11.0000    6.0000  165.0000  136.0000    0.0001    0.0011    0.0012
  151.0000  129.0000   14.0000    7.0000  165.0000  136.0000    0.0001    0.0020    0.0022
  154.0000  126.0000   11.0000   10.0000  165.0000  136.0000    0.0000    0.0001    0.0001
  159.0000  127.0000    6.0000    9.0000  165.0000  136.0000    0.0001    0.0022    0.0023
  156.0000  128.0000    9.0000    8.0000  165.0000  136.0000    0.0000    0.0000    0.0000
  155.0000  129.0000   10.0000    7.0000  165.0000  136.0000    0.0000    0.0002    0.0002
  149.0000  135.0000   16.0000    1.0000  165.0000  136.0000    0.0011    0.0220    0.0230
  156.0000  130.0000    9.0000    6.0000  165.0000  136.0000    0.0000    0.0003    0.0003
  157.0000  128.0000    8.0000    8.0000  165.0000  136.0000    0.0000    0.0002    0.0003
  159.0000  130.0000    6.0000    6.0000  165.0000  136.0000    0.0000    0.0002    0.0002
  157.0000  135.0000    8.0000    1.0000  165.0000  136.0000    0.0002    0.0082    0.0084
  157.0000         0    8.0000  136.0000  165.0000  136.0000    0.3136    0.2723    0.5859

OUTPUT3_10: CHANGE FROM 1 to 0 (on to off)
[    f0a0     f1a0      f0a1      f1a1       f0       f1        infoA0    infoA1    allinfo]
  276.0000    8.0000   17.0000         0  293.0000    8.0000    0.0000    0.0015    0.0016
  276.0000    8.0000   17.0000         0  293.0000    8.0000    0.0000    0.0015    0.0016
  272.0000    8.0000   21.0000         0  293.0000    8.0000    0.0001    0.0019    0.0019
  272.0000    8.0000   21.0000         0  293.0000    8.0000    0.0001    0.0019    0.0019
  278.0000    8.0000   15.0000         0  293.0000    8.0000    0.0000    0.0013    0.0014
  276.0000    8.0000   17.0000         0  293.0000    8.0000    0.0000    0.0015    0.0016
  276.0000    8.0000   17.0000         0  293.0000    8.0000    0.0000    0.0015    0.0016
  284.0000         0    9.0000    8.0000  293.0000    8.0000    0.0254    0.0582    0.0836
  278.0000    8.0000   15.0000         0  293.0000    8.0000    0.0000    0.0013    0.0014
  277.0000    8.0000   16.0000         0  293.0000    8.0000    0.0000    0.0014    0.0015
  281.0000    8.0000   12.0000         0  293.0000    8.0000    0.0000    0.0011    0.0011
  292.0000         0    1.0000    8.0000  293.0000    8.0000    0.0261    0.0861    0.1122
  157.0000         0  136.0000    8.0000  293.0000    8.0000    0.0141    0.0059    0.0200

OUTPUT3_00: CHANGE FROM 0 to 0 (stays off)
[    f0a0     f1a0      f0a1      f1a1       f0       f1        infoA0    infoA1    allinfo]
  141.0000  143.0000   11.0000    6.0000  152.0000  149.0000    0.0001    0.0023    0.0025
  146.0000  138.0000    6.0000   11.0000  152.0000  149.0000    0.0002    0.0026    0.0028
  145.0000  135.0000    7.0000   14.0000  152.0000  149.0000    0.0003    0.0042    0.0045
  142.0000  138.0000   10.0000   11.0000  152.0000  149.0000    0.0000    0.0001    0.0001
  143.0000  143.0000    9.0000    6.0000  152.0000  149.0000    0.0000    0.0009    0.0010
  144.0000  140.0000    8.0000    9.0000  152.0000  149.0000    0.0000    0.0001    0.0001
  145.0000  139.0000    7.0000   10.0000  152.0000  149.0000    0.0001    0.0010    0.0010
  135.0000  149.0000   17.0000         0  152.0000  149.0000    0.0017    0.0386    0.0402
  146.0000  140.0000    6.0000    9.0000  152.0000  149.0000    0.0001    0.0011    0.0012
  144.0000  141.0000    8.0000    8.0000  152.0000  149.0000    0.0000    0.0000    0.0000
  146.0000  143.0000    6.0000    6.0000  152.0000  149.0000    0.0000    0.0000    0.0000
  143.0000  149.0000    9.0000         0  152.0000  149.0000    0.0005    0.0204    0.0209
    8.0000  149.0000  144.0000         0  152.0000  149.0000    0.2612    0.3269    0.5881



LIGHT 

-----

MONITOR


EDU>> clear all;
dat = csvread('Exp2_output_data.txt', 1,0);

% remove the columns 1(frame), 2(door), 4 (light), 5(agent)
dat = remove_cols(dat, [1, 2, 4, 5]);
experiment_info(dat);
OUTPUT 1: MODELING RAW FLUENT VALUE, NOT CHANGE
[    f0a0     f1a0      f0a1      f1a1       f0       f1        infoA0    infoA1    allinfo]
  165.0000  119.0000    7.0000   10.0000  172.0000  129.0000    0.0002    0.0029    0.0031
  163.0000  121.0000    9.0000    8.0000  172.0000  129.0000    0.0000    0.0002    0.0002
  161.0000  119.0000   11.0000   10.0000  172.0000  129.0000    0.0000    0.0003    0.0003
  161.0000  119.0000   11.0000   10.0000  172.0000  129.0000    0.0000    0.0003    0.0003
  162.0000  124.0000   10.0000    5.0000  172.0000  129.0000    0.0000    0.0009    0.0010
  164.0000  120.0000    8.0000    9.0000  172.0000  129.0000    0.0001    0.0012    0.0012
  164.0000  120.0000    8.0000    9.0000  172.0000  129.0000    0.0001    0.0012    0.0012
  161.0000  123.0000   11.0000    6.0000  172.0000  129.0000    0.0000    0.0007    0.0007
  162.0000  124.0000   10.0000    5.0000  172.0000  129.0000    0.0000    0.0009    0.0010
  161.0000  124.0000   11.0000    5.0000  172.0000  129.0000    0.0001    0.0015    0.0016
  162.0000  127.0000   10.0000    2.0000  172.0000  129.0000    0.0002    0.0063    0.0065
  154.0000   19.0000   18.0000  110.0000  172.0000  129.0000    0.1408    0.1704    0.3113

OUTPUT3_01: CHANGE FROM 0 to 1 (off to on)
[    f0a0     f1a0      f0a1      f1a1       f0       f1        infoA0    infoA1    allinfo]
  265.0000   19.0000   17.0000         0  282.0000   19.0000    0.0001    0.0037    0.0038
  265.0000   19.0000   17.0000         0  282.0000   19.0000    0.0001    0.0037    0.0038
  261.0000   19.0000   21.0000         0  282.0000   19.0000    0.0002    0.0045    0.0047
  261.0000   19.0000   21.0000         0  282.0000   19.0000    0.0002    0.0045    0.0047
  272.0000   14.0000   10.0000    5.0000  282.0000   19.0000    0.0017    0.0163    0.0181
  274.0000   10.0000    8.0000    9.0000  282.0000   19.0000    0.0073    0.0453    0.0526
  274.0000   10.0000    8.0000    9.0000  282.0000   19.0000    0.0073    0.0453    0.0526
  265.0000   19.0000   17.0000         0  282.0000   19.0000    0.0001    0.0037    0.0038
  267.0000   19.0000   15.0000         0  282.0000   19.0000    0.0001    0.0032    0.0033
  266.0000   19.0000   16.0000         0  282.0000   19.0000    0.0001    0.0035    0.0036
  270.0000   19.0000   12.0000         0  282.0000   19.0000    0.0001    0.0026    0.0027
  154.0000   19.0000  128.0000         0  282.0000   19.0000    0.0088    0.0277    0.0365

OUTPUT3_11: CHANGE FROM 1 to 1 (stays on)
[    f0a0     f1a0      f0a1      f1a1       f0       f1        infoA0    infoA1    allinfo]
  184.0000  100.0000    7.0000   10.0000  191.0000  110.0000    0.0004    0.0058    0.0061
  182.0000  102.0000    9.0000    8.0000  191.0000  110.0000    0.0001    0.0013    0.0014
  180.0000  100.0000   11.0000   10.0000  191.0000  110.0000    0.0001    0.0018    0.0019
  180.0000  100.0000   11.0000   10.0000  191.0000  110.0000    0.0001    0.0018    0.0019
  176.0000  110.0000   15.0000         0  191.0000  110.0000    0.0007    0.0227    0.0234
  174.0000  110.0000   17.0000         0  191.0000  110.0000    0.0010    0.0257    0.0267
  174.0000  110.0000   17.0000         0  191.0000  110.0000    0.0010    0.0257    0.0267
  180.0000  104.0000   11.0000    6.0000  191.0000  110.0000    0.0000    0.0000    0.0000
  181.0000  105.0000   10.0000    5.0000  191.0000  110.0000    0.0000    0.0001    0.0001
  180.0000  105.0000   11.0000    5.0000  191.0000  110.0000    0.0000    0.0003    0.0003
  181.0000  108.0000   10.0000    2.0000  191.0000  110.0000    0.0001    0.0038    0.0040
  173.0000         0   18.0000  110.0000  191.0000  110.0000    0.2614    0.2224    0.4838

OUTPUT3_10: CHANGE FROM 1 to 0 (on to off)
[    f0a0     f1a0      f0a1      f1a1       f0       f1        infoA0    infoA1    allinfo]
  266.0000   18.0000   17.0000         0  283.0000   18.0000    0.0001    0.0035    0.0036
  266.0000   18.0000   17.0000         0  283.0000   18.0000    0.0001    0.0035    0.0036
  262.0000   18.0000   21.0000         0  283.0000   18.0000    0.0002    0.0043    0.0045
  262.0000   18.0000   21.0000         0  283.0000   18.0000    0.0002    0.0043    0.0045
  274.0000   12.0000    9.0000    6.0000  283.0000   18.0000    0.0030    0.0245    0.0274
  266.0000   18.0000   17.0000         0  283.0000   18.0000    0.0001    0.0035    0.0036
  266.0000   18.0000   17.0000         0  283.0000   18.0000    0.0001    0.0035    0.0036
  266.0000   18.0000   17.0000         0  283.0000   18.0000    0.0001    0.0035    0.0036
  270.0000   16.0000   13.0000    2.0000  283.0000   18.0000    0.0001    0.0018    0.0019
  268.0000   17.0000   15.0000    1.0000  283.0000   18.0000    0.0000    0.0000    0.0000
  274.0000   15.0000    9.0000    3.0000  283.0000   18.0000    0.0006    0.0075    0.0081
  173.0000         0  110.0000   18.0000  283.0000   18.0000    0.0354    0.0183    0.0537

OUTPUT3_00: CHANGE FROM 0 to 0 (stays off)
[    f0a0     f1a0      f0a1      f1a1       f0       f1        infoA0    infoA1    allinfo]
  137.0000  147.0000   10.0000    7.0000  147.0000  154.0000    0.0001    0.0011    0.0012
  139.0000  145.0000    8.0000    9.0000  147.0000  154.0000    0.0000    0.0000    0.0000
  137.0000  143.0000   10.0000   11.0000  147.0000  154.0000    0.0000    0.0000    0.0000
  137.0000  143.0000   10.0000   11.0000  147.0000  154.0000    0.0000    0.0000    0.0000
  136.0000  150.0000   11.0000    4.0000  147.0000  154.0000    0.0003    0.0062    0.0065
  138.0000  146.0000    9.0000    8.0000  147.0000  154.0000    0.0000    0.0002    0.0002
  138.0000  146.0000    9.0000    8.0000  147.0000  154.0000    0.0000    0.0002    0.0002
  141.0000  143.0000    6.0000   11.0000  147.0000  154.0000    0.0001    0.0021    0.0022
  140.0000  146.0000    7.0000    8.0000  147.0000  154.0000    0.0000    0.0000    0.0000
  141.0000  144.0000    6.0000   10.0000  147.0000  154.0000    0.0001    0.0014    0.0015
  142.0000  147.0000    5.0000    7.0000  147.0000  154.0000    0.0000    0.0004    0.0004
   19.0000  154.0000  128.0000         0  147.0000  154.0000    0.1892    0.3048    0.4939



--- MONITOR

----

EXPERIMENT 1


OUTPUT 1: MODELING RAW FLUENT VALUE, NOT CHANGE
[    f0a0     f1a0      f0a1      f1a1       f0       f1        infoA0    infoA1    allinfo]
   81.0000   14.0000   52.0000    1.0000  133.0000   15.0000    0.0066    0.0195    0.0261
  116.0000   15.0000   17.0000         0  133.0000   15.0000    0.0008    0.0123    0.0131
  125.0000   15.0000    8.0000         0  133.0000   15.0000    0.0002    0.0058    0.0059
  125.0000   15.0000    8.0000         0  133.0000   15.0000    0.0002    0.0058    0.0059
  133.0000   10.0000         0    5.0000  133.0000   15.0000    0.0058    0.0773    0.0831
  126.0000    6.0000    7.0000    9.0000  133.0000   15.0000    0.0189    0.0702    0.0890
  100.0000   13.0000   33.0000    2.0000  133.0000   15.0000    0.0008    0.0030    0.0037
  133.0000   12.0000         0    3.0000  133.0000   15.0000    0.0020    0.0464    0.0484
  133.0000    6.0000         0    9.0000  133.0000   15.0000    0.0218    0.1392    0.1610
  121.0000   13.0000   12.0000    2.0000  133.0000   15.0000    0.0001    0.0008    0.0009

OUTPUT3_01: CHANGE FROM 0 to 1 (off to on)
[    f0a0     f1a0      f0a1      f1a1       f0       f1        infoA0    infoA1    allinfo]
   82.0000   13.0000   53.0000         0  135.0000   13.0000    0.0083    0.0329    0.0413
  118.0000   13.0000   17.0000         0  135.0000   13.0000    0.0007    0.0106    0.0113
  127.0000   13.0000    8.0000         0  135.0000   13.0000    0.0001    0.0050    0.0051
  127.0000   13.0000    8.0000         0  135.0000   13.0000    0.0001    0.0050    0.0051
  135.0000    8.0000         0    5.0000  135.0000   13.0000    0.0070    0.0822    0.0891
  128.0000    4.0000    7.0000    9.0000  135.0000   13.0000    0.0241    0.0782    0.1023
  102.0000   11.0000   33.0000    2.0000  135.0000   13.0000    0.0004    0.0016    0.0020
  135.0000   10.0000         0    3.0000  135.0000   13.0000    0.0023    0.0493    0.0516
  135.0000    4.0000         0    9.0000  135.0000   13.0000    0.0271    0.1479    0.1750
  121.0000   13.0000   14.0000         0  135.0000   13.0000    0.0005    0.0087    0.0092

OUTPUT3_11: CHANGE FROM 1 to 1 (stays on)
[    f0a0     f1a0      f0a1      f1a1       f0       f1        infoA0    infoA1    allinfo]
   94.0000    1.0000   52.0000    1.0000  146.0000    2.0000    0.0002    0.0003    0.0006
  129.0000    2.0000   17.0000         0  146.0000    2.0000    0.0001    0.0016    0.0017
  138.0000    2.0000    8.0000         0  146.0000    2.0000    0.0000    0.0007    0.0008
  138.0000    2.0000    8.0000         0  146.0000    2.0000    0.0000    0.0007    0.0008
  141.0000    2.0000    5.0000         0  146.0000    2.0000    0.0000    0.0005    0.0005
  130.0000    2.0000   16.0000         0  146.0000    2.0000    0.0001    0.0015    0.0016
  111.0000    2.0000   35.0000         0  146.0000    2.0000    0.0005    0.0032    0.0037
  143.0000    2.0000    3.0000         0  146.0000    2.0000    0.0000    0.0003    0.0003
  137.0000    2.0000    9.0000         0  146.0000    2.0000    0.0000    0.0008    0.0009
  134.0000         0   12.0000    2.0000  146.0000    2.0000    0.0123    0.0205    0.0328

OUTPUT3_10: CHANGE FROM 1 to 0 (on to off)
[    f0a0     f1a0      f0a1      f1a1       f0       f1        infoA0    infoA1    allinfo]
   83.0000   12.0000   53.0000         0  136.0000   12.0000    0.0076    0.0303    0.0379
  119.0000   12.0000   17.0000         0  136.0000   12.0000    0.0006    0.0097    0.0103
  128.0000   12.0000    8.0000         0  136.0000   12.0000    0.0001    0.0046    0.0047
  128.0000   12.0000    8.0000         0  136.0000   12.0000    0.0001    0.0046    0.0047
  131.0000   12.0000    5.0000         0  136.0000   12.0000    0.0001    0.0029    0.0029
  120.0000   12.0000   16.0000         0  136.0000   12.0000    0.0006    0.0091    0.0097
  103.0000   10.0000   33.0000    2.0000  136.0000   12.0000    0.0003    0.0010    0.0013
  133.0000   12.0000    3.0000         0  136.0000   12.0000    0.0000    0.0017    0.0017
  127.0000   12.0000    9.0000         0  136.0000   12.0000    0.0002    0.0051    0.0053
  134.0000         0    2.0000   12.0000  136.0000   12.0000    0.0766    0.1660    0.2426

OUTPUT3_00: CHANGE FROM 0 to 0 (stays off)
[    f0a0     f1a0      f0a1      f1a1       f0       f1        infoA0    infoA1    allinfo]
   26.0000   69.0000    1.0000   52.0000   27.0000  121.0000    0.0161    0.0487    0.0648
   27.0000  104.0000         0   17.0000   27.0000  121.0000    0.0016    0.0231    0.0247
   27.0000  113.0000         0    8.0000   27.0000  121.0000    0.0003    0.0109    0.0112
   27.0000  113.0000         0    8.0000   27.0000  121.0000    0.0003    0.0109    0.0112
   22.0000  121.0000    5.0000         0   27.0000  121.0000    0.0028    0.0575    0.0602
   18.0000  114.0000    9.0000    7.0000   27.0000  121.0000    0.0068    0.0389    0.0457
   23.0000   90.0000    4.0000   31.0000   27.0000  121.0000    0.0011    0.0041    0.0052
   24.0000  121.0000    3.0000         0   27.0000  121.0000    0.0010    0.0345    0.0355
   18.0000  121.0000    9.0000         0   27.0000  121.0000    0.0096    0.1035    0.1131
   13.0000  121.0000   14.0000         0   27.0000  121.0000    0.0258    0.1609    0.1867



------------------------------------------
MULTIPLE FLUENTS 
------------------------------------------

%%%%%%%%%%%%%%%%%%%
OBJECT & Door & Door & Door & Door & Light & Light & Monitor & Monitor & Door & Monitor \\
FLUENT & $C \to O$ & $O \to C$ & $O \to C$ & $C \to O$ & $O_1 \to O_0$ & $O_0 \to O_1$ & $O_0 \to O_1$ & $O_0 \to O_1$ & Stay $O$ & $O_1 \to O_0$ \\
ACTION & $A_{4}$ & $A_{5}$ & $A_{3}$ & $A_{2}$ & $A_{9}$ & $A_{9}$ & $A_{7}$ & $A_{8}$ & $A_{12}$ & $A_{6}$ \\
INFO & 0.1690 & 0.1464 & 0.1324 & 0.1112 & 0.0836 & 0.1001 & 0.0526 & 0.0526 & 0.0383 & 0.0274 \\
CAUSE & 1 & 1 & 1 & 1 & 1 & 1 & 1 & 1 & 0 & 1 \\
CAU. EFF. & 0.9429 & 0.8917 & 0.9296 & 0.8672 & 0.4706 & 0.4706 & 0.4942 & 0.4942 & 0.6298 & 0.3580
OBJECT & Monitor & Door & Monitor & Monitor & Monitor & Monitor & Door & Door & Door & Door \\
FLUENT & $O_0 \to O_1$ & Stay $O$ & Stay $O_1$ & Stay $O_1$ & Stay $O_1$ & $O_1 \to O_0$ & $O \to C$ & $C \to O$ & $O \to C$ & $C \to O$ \\
ACTION & $A_{6}$ & $A_{10}$ & $A_{7}$ & $A_{8}$ & $A_{6}$ & $A_{12}$ & $A_{9}$ & $A_{9}$ & $A_{7}$ & $A_{7}$ \\
INFO & 0.0250 & 0.0123 & 0.0117 & 0.0117 & 0.0089 & 0.0081 & 0.0076 & 0.0088 & 0.0076 & 0.0088 \\
CAUSE & 1 & 0 & 0 & 0 & 0 & 0 & 0 & 0 & 0 & 0 \\
CAU. EFF. & 0.2844 & 0.3557 & -0.3873 & -0.3873 & -0.3846 & 0.1981 & -0.1303 & -0.1303 & -0.1303 & -0.1303
%%%%%%%%%%%%%%%%%%%



------------------------------------------
HIERARCHICAL DOOR 
------------------------------------------

%%%%%%%%%%%%%%%%%%%
OBJECT & Door 2 & Door 2 & Door 2 & Door 2 & Door 2 & Door 2 \\
FLUENT & $C \to O$ & $C \to O$ & Stay $C$ & Stay $C$ & Stay $O$ & Stay $C$ \\
ACTION & $A_{10}$ & $A_{6}$ & $A_{2}$ & $A_{3}$ & $A_{2}$ & $A_{4}$ \\
INFO & 0.1750 & 0.0891 & 0.0648 & 0.0203 & 0.0132 & 0.0077 \\
CAUSE & 1 & 1 & 0 & 0 & 0 & 0 \\
CAU. EFF. & 0.9712 & 0.9441 & 0.2548 & 0.2061 & 0.0083 & 0.1929
%%%%%%%%%%%%%%%%%%%
%%%%%%%%%%%%%%%%%%%
OBJECT & Door 2 & Door 2 & Door 2 & Door 2 & Door 2 & Door 2 \\
FLUENT & $C \to O$ & $C \to O$ & $C \to O$ & Stay $C$ & $C \to O$ & Stay $C$ \\
ACTION & $A_{10}$ & $A_{7}$ & $A_{6}$ & $A_{2}$ & $A_{9}$ & $A_{3}$ \\
INFO & 0.1750 & 0.1023 & 0.0891 & 0.0648 & 0.0516 & 0.0247 \\
CAUSE & 1 & 0 & 1 & 0 & 0 & 0 \\
CAU. EFF. & 0.9712 & 0.5322 & 0.9441 & 0.2548 & 0.9310 & 0.2061
%%%%%%%%%%%%%%%%%%%
Warning: No action could be found with info gain above tol 
> In pursuit at 235
%%%%%%%%%%%%%%%%%%%
OBJECT & Door 2 & Door 2 & Door 2 & Door 2 & Door 2 & Door 2 \\
FLUENT & $C \to O$ & Stay $C$ & $C \to O$ & Stay $C$ & $C \to O$ & Stay $C$ \\
ACTION & $A_{7}$ & $A_{2}$ & $A_{6}$ & $A_{3}$ & $A_{10}$ & $A_{8}$ \\
INFO & 0.1086 & 0.0868 & 0.0859 & 0.0227 & 0.0199 & 0.0153 \\
CAUSE & 0 & 0 & 1 & 0 & 1 & 0 \\
CAU. EFF. & 0.5865 & 0.3012 & 0.9330 & 0.2282 & 0.9372 & 0.1523
%%%%%%%%%%%%%%%%%%%
%%%%%%%%%%%%%%%%%%%
OBJECT & Door 2 & Door 2 & Door 2 & Door 2 & Door 2 & Door 2 \\
FLUENT & $C \to O$ & $C \to O$ & Stay $C$ & $C \to O$ & $C \to O$ & Stay $C$ \\
ACTION & $A_{7}$ & $A_{10}$ & $A_{2}$ & $A_{6}$ & $A_{9}$ & $A_{3}$ \\
INFO & 0.1086 & 0.0977 & 0.0868 & 0.0859 & 0.0521 & 0.0271 \\
CAUSE & 0 & 1 & 0 & 1 & 0 & 0 \\
CAU. EFF. & 0.5865 & 0.9372 & 0.3012 & 0.9330 & 0.9207 & 0.2282
%%%%%%%%%%%%%%%%%%%